../data/JPEGImages/2007_000061.jpg 274,11,437,279,0 184,214,281,252,0
../data/JPEGImages/2007_000039.jpg 156,89,344,279,0
../data/JPEGImages/2007_000033.jpg 9,107,499,263,0 421,200,482,226,0 325,188,411,223,0
../data/JPEGImages/2007_000243.jpg 181,127,274,193,0
../data/JPEGImages/2007_000121.jpg 251,28,475,267,0 22,28,251,273,0
../data/JPEGImages/2007_000123.jpg 1,26,358,340,0
../data/JPEGImages/2007_000323.jpg 277,3,500,375,0 12,3,305,375,0
../data/JPEGImages/2007_000272.jpg 25,71,304,500,0
../data/JPEGImages/2007_000175.jpg 25,34,419,271,0
../data/JPEGImages/2007_000032.jpg 104,78,375,183,0 133,88,197,123,0 195,180,213,229,0 26,189,44,238,0
../data/JPEGImages/2007_000129.jpg 70,202,255,500,0 74,1,272,462,0 252,19,334,487,0
../data/JPEGImages/2007_000250.jpg 97,124,150,297,0
../data/JPEGImages/2007_000063.jpg 123,115,379,275,0 75,1,428,375,0
../data/JPEGImages/2007_000256.jpg 8,96,491,232,0
../data/JPEGImages/2007_000187.jpg 1,95,240,336,0
